# name: debug
# type: sparse matrix
# nnz: 540
# rows: 42
# columns: 42

1 1 423330.498
2 1 241768.977
3 1 263366.606
4 1 -166524.606
5 1 7050045.67
6 1 1054632.59
7 1 -28846.6138
8 1 -214.896341
9 1 -15086.6281
10 1 25806.8654
11 1 -329247.063
12 1 -44999.0943
1 2 241768.977
2 2 -22862.6777
3 2 -163543.761
4 2 -6684006.96
5 2 167214.797
6 2 -1793718.48
7 2 -335.890423
8 2 -28225.2191
9 2 -5232.96407
10 2 258395.933
11 2 -27034.0853
12 2 122228.726
1 3 263366.606
2 3 -163543.761
3 3 -80396.0124
4 3 -1173860.28
5 3 2118938.85
6 3 -324.041545
7 3 -13673.4164
8 3 -4348.55371
9 3 -8677.73197
10 3 52642.8794
11 3 -158391.04
12 3 -1521.63361
1 4 -166524.606
2 4 -6684006.96
3 4 -1173860.28
4 4 216281459
5 4 -18304074.8
6 4 51468048.8
7 4 20175.5029
8 4 244277.093
9 4 55473.18
10 4 -3696481.23
11 4 735803.969
12 4 -1498925.79
1 5 7050045.67
2 5 167214.797
3 5 2118938.85
4 5 -18304074.8
5 5 254098678
6 5 33387310.9
7 5 -303427.443
8 5 -19245.7822
9 5 -159564.708
10 5 728355.443
11 5 -5507919.08
12 5 -657709.838
1 6 1054632.59
2 6 -1793718.48
3 6 -324.041545
4 6 51468048.8
5 6 33387310.9
6 6 34226693
7 6 -35782.1339
8 6 105202.707
9 6 1661.8428
10 6 -1350974.87
11 6 -540671.989
12 6 -844904.598
1 7 -28846.6138
2 7 -335.890423
3 7 -13673.4164
4 7 20175.5029
5 7 -303427.443
6 7 -35782.1339
7 7 123405.396
8 7 -3586.46758
9 7 53062.2502
10 7 -209548.672
11 7 3436506.79
12 7 658829.29
1 8 -214.896341
2 8 -28225.2191
3 8 -4348.55371
4 8 244277.093
5 8 -19245.7822
6 8 105202.707
7 8 -3586.46758
8 8 129929.772
9 8 25487.7385
10 8 -3017930.13
11 8 209490.115
12 8 -1333455.78
1 9 -15086.6281
2 9 -5232.96407
3 9 -8677.73197
4 9 55473.18
5 9 -159564.708
6 9 1661.8428
7 9 53062.2502
8 9 25487.7385
9 9 38561.579
10 9 -803738.68
11 9 1703915.94
12 9 164.939671
1 10 25806.8654
2 10 258395.933
3 10 52642.8794
4 10 -3696481.23
5 10 728355.443
6 10 -1350974.87
7 10 -209548.672
8 10 -3017930.13
9 10 -803738.68
10 10 141437940
11 10 -25889671.5
12 10 56204705.2
1 11 -329247.063
2 11 -27034.0853
3 11 -158391.04
4 11 735803.969
5 11 -5507919.08
6 11 -540671.989
7 11 3436506.79
8 11 209490.115
9 11 1703915.94
10 11 -25889671.5
11 11 189031835
12 11 29712907.4
1 12 -44999.0943
2 12 122228.726
3 12 -1521.63361
4 12 -1498925.79
5 12 -657709.838
6 12 -844904.598
7 12 658829.29
8 12 -1333455.78
9 12 164.939671
10 12 56204705.2
11 12 29712907.4
12 12 38173398.8
13 13 89259.693
14 13 -2668.07253
15 13 42329.3742
16 13 -228451.866
17 13 3508766.88
18 13 664572.501
13 14 -2668.07253
14 14 98950.32
15 14 16172.5837
16 14 -3052947.59
17 14 228613.973
18 14 -1462900.57
13 15 42329.3742
14 15 16172.5837
15 15 34837.3011
16 15 -825744.764
17 15 1884712.77
18 15 -5.82678547e-11
13 16 -228451.866
14 16 -3052947.59
15 16 -825744.764
16 16 157229454
17 16 -31931577
18 16 66507409.6
13 17 3508766.88
14 17 228613.973
15 17 1884712.77
16 17 -31931577
17 17 218960322
18 17 33514325.5
13 18 664572.501
14 18 -1462900.57
15 18 -5.82678547e-11
16 18 66507409.6
17 18 33514325.5
18 18 46659066.4
19 19 77584.5363
20 19 -2410.87369
21 19 37026.3264
22 19 -122003.276
23 19 2647482.99
24 19 386428.624
19 20 -2410.87369
20 20 87578.6699
21 20 11393.2477
22 20 -2263758.76
23 20 122052.671
24 20 -1110172.2
19 21 37026.3264
20 21 11393.2477
21 21 27699.6488
22 21 -469055.339
23 21 1431336.85
24 21 -1.2887881e-11
19 22 -122003.276
20 22 -2263758.76
21 22 -469055.339
22 22 104767438
23 22 -16463361.8
24 22 45871294.3
19 23 2647482.99
20 23 122052.671
21 23 1431336.85
22 23 -16463361.8
23 23 154599798
24 23 18264610
19 24 386428.624
20 24 -1110172.2
21 24 -1.2887881e-11
22 24 45871294.3
23 24 18264610
24 24 31544855.2
25 25 171762.453
26 25 -2805.5124
27 25 56038.7456
28 25 -277566.703
29 25 6181580.98
30 25 794525.031
31 25 -3328.36533
32 25 -205.509743
33 25 -946.270888
34 25 10018.0112
35 25 -124244.679
36 25 -3231.17893
37 25 -324.732722
38 25 -0.857382348
39 25 -5.73133392
40 25 36.2760141
41 25 -10108.4835
42 25 -799.991671
25 26 -2805.5124
26 26 180751.799
27 26 23579.998
28 26 -5607864.12
29 26 277504.746
30 26 -1845030.94
31 26 101.432482
32 26 -3077.2727
33 26 -138.825978
34 26 99403.6725
35 26 665.959481
36 26 22846.4282
37 26 0.218087781
38 26 -324.735427
39 26 -24.820256
40 26 10115.1846
41 26 -4.7341094
42 26 220.054505
25 27 56038.7456
26 27 23579.998
27 27 41831.5574
28 27 -987666.254
29 27 2368949.48
30 27 56.5987899
31 27 -936.666375
32 27 -277.242397
33 27 -620.188119
34 27 11344.0524
35 27 -41439.5196
36 27 834.456071
37 27 -20.0113432
38 27 -20.0588091
39 27 -4.200995
40 27 677.434147
41 27 -680.123513
42 27 -38.2624475
25 28 -277566.703
26 28 -5607864.12
27 28 -987666.254
28 28 238220248
29 28 -32399596.2
30 28 75706712.8
31 28 141.361933
32 28 100491.166
33 28 6940.74583
34 28 -3408917.19
35 28 134301.087
36 28 -729438.112
37 28 31.3566657
38 28 10234.366
39 28 832.093707
40 28 -330070.535
41 28 2058.10135
42 28 -9555.44904
25 29 6181580.98
26 29 277504.746
27 29 2368949.48
28 29 -32399596.2
29 29 308263931
30 29 34231271
31 29 -124986.289
32 29 -10907.8217
33 29 -42055.36
34 29 522763.935
35 29 -5001500.72
36 29 -93162.7179
37 29 -10287.1627
38 29 -63.5164249
39 29 -244.693762
40 29 3070.59566
41 29 -332749.328
42 29 -27159.7
25 30 794525.031
26 30 -1845030.94
27 30 56.5987899
28 30 75706712.8
29 30 34231271
30 30 49484158.6
31 30 -7567.85442
32 30 22673.8832
33 30 -843.31875
34 30 -712929.716
35 30 -268610.42
36 30 -449641.448
37 30 -662.477161
38 30 667.458649
39 30 38.84529
40 30 -24107.4875
41 30 -22293.3161
42 30 -5412.64574
25 31 -3328.36533
26 31 101.432482
27 31 -936.666375
28 31 141.361933
29 31 -124986.289
30 31 -7567.85442
31 31 169301.676
32 31 -2934.29163
33 31 56009.9583
34 31 -296693.175
35 31 6223434.5
36 31 826692.9
37 31 -2334.50913
38 31 2.73139401
39 31 -619.991685
40 31 8112.92767
41 31 -105387.093
42 31 -18667.5392
25 32 -205.509743
26 32 -3077.2727
27 32 -277.242397
28 32 100491.166
29 32 -10907.8217
30 32 22673.8832
31 32 -2934.29163
32 32 178982.474
33 32 22614.64
34 32 -5672952.44
35 32 296902.75
36 32 -1848726.71
37 32 -222.18124
38 32 -2237.93595
39 32 -492.032706
40 32 94748.7144
41 32 -18027.0042
42 32 22720.1393
25 33 -946.270888
26 33 -138.825978
27 33 -620.188119
28 33 6940.74583
29 33 -42055.36
30 33 -843.31875
31 33 56009.9583
32 33 22614.64
33 33 40045.5345
34 33 -1032417.56
35 33 2355455.09
36 33 -112.801632
37 33 -747.128212
38 33 -366.956285
39 33 -420.137942
40 33 22155.5314
41 33 -42269.1304
42 33 -2076.54695
25 34 10018.0112
26 34 99403.6725
27 34 11344.0524
28 34 -3408917.19
29 34 522763.935
30 34 -712929.716
31 34 -296693.175
32 34 -5672952.44
33 34 -1032417.56
34 34 239852962
35 34 -34226675.6
36 34 74655201
37 34 17665.4458
38 34 93087.601
39 34 26840.179
40 34 -4212079.67
41 34 1300944.9
42 34 -1019879.97
25 35 -124244.679
26 35 665.959481
27 35 -41439.5196
28 35 134301.087
29 35 -5001500.72
30 35 -268610.42
31 35 6223434.5
32 35 296902.75
33 35 2355455.09
34 35 -34226675.6
35 35 305551433
36 35 35255048.3
37 35 -107992.896
38 35 -7724.65131
39 35 -37476.1589
40 35 854724.082
41 35 -5416118.71
42 35 -878851.505
25 36 -3231.17893
26 36 22846.4282
27 36 834.456071
28 36 -729438.112
29 36 -93162.7179
30 36 -449641.448
31 36 826692.9
32 36 -1848726.71
33 36 -112.801632
34 36 74655201
35 36 35255048.3
36 36 48725990.3
37 36 -13088.786
38 36 27795.5774
39 36 2073.83747
40 36 -1293558.78
41 36 -555630.525
42 36 -728665.594
25 37 -324.732722
26 37 0.218087781
27 37 -20.0113432
28 37 31.3566657
29 37 -10287.1627
30 37 -662.477161
31 37 -2334.50913
32 37 -222.18124
33 37 -747.128212
34 37 17665.4458
35 37 -107992.896
36 37 -13088.786
37 37 446731.533
38 37 -11808.5432
39 37 161169.514
40 37 -541458.589
41 37 12716842
42 37 1646153
25 38 -0.857382348
26 38 -324.735427
27 38 -20.0588091
28 38 10234.366
29 38 -63.5164249
30 38 667.458649
31 38 2.73139401
32 38 -2237.93595
33 38 -366.956285
34 38 93087.601
35 38 -7724.65131
36 38 27795.5774
37 38 -11808.5432
38 38 484450.469
39 38 57406.0509
40 38 -11433672.9
41 38 541709.571
42 38 -4198478.57
25 39 -5.73133392
